1 100 12,4 13,5 13,7 14,1 14,4 15,8 17,7 19,6 23,6 12,4 13,4 14,5 15,8 17,6 19,9 23,3
1 101 12,4 13,5 13,7 14,1 14,4 15,9 17,7 19,7 23,8 12,5 13,4 14,5 15,9 17,6 20,0 23,4
1 102 12,4 13,5 13,8 14,2 14,5 15,9 17,7 19,7 23,9 12,5 13,4 14,5 15,9 17,7 20,1 23,5
1 103 12,4 13,5 13,8 14,2 14,5 15,9 17,8 19,8 24,0 12,5 13,4 14,5 15,9 17,7 20,1 23,6
1 104 12,4 13,5 13,8 14,2 14,5 15,9 17,8 19,9 24,2 12,5 13,4 14,5 15,9 17,7 20,2 23,8
1 105 12,4 13,6 13,8 14,2 14,5 16,0 17,9 19,9 24,3 12,5 13,4 14,6 16,0 17,8 20,3 23,9
1 106 12,5 13,6 13,8 14,2 14,5 16,0 17,9 20,0 24,4 12,5 13,5 14,6 16,0 17,8 20,3 24,0
1 107 12,5 13,6 13,8 14,3 14,6 16,0 17,9 20,0 24,6 12,5 13,5 14,6 16,0 17,9 20,4 24,2
1 108 12,5 13,6 13,9 14,3 14,6 16,0 18,0 20,1 24,7 12,6 13,5 14,6 16,0 17,9 20,5 24,3
1 109 12,5 13,6 13,9 14,3 14,6 16,1 18,0 20,2 24,9 12,6 13,5 14,6 16,1 18,0 20,5 24,4
1 110 12,5 13,7 13,9 14,3 14,6 16,1 18,1 20,2 25,0 12,6 13,5 14,7 16,1 18,0 20,6 24,6
1 111 12,5 13,7 13,9 14,3 14,6 16,1 18,1 20,3 25,2 12,6 13,5 14,7 16,1 18,0 20,7 24,7
1 112 12,6 13,7 13,9 14,4 14,7 16,2 18,2 20,4 25,3 12,6 13,6 14,7 16,2 18,1 20,8 24,9
1 113 12,6 13,7 14,0 14,4 14,7 16,2 18,2 20,5 25,5 12,6 13,6 14,7 16,2 18,1 20,8 25,0
1 114 12,6 13,7 14,0 14,4 14,7 16,2 18,3 20,5 25,7 12,7 13,6 14,8 16,2 18,2 20,9 25,1
1 115 12,6 13,7 14,0 14,4 14,7 16,3 18,3 20,6 25,8 12,7 13,6 14,8 16,3 18,2 21,0 25,3
1 116 12,6 13,8 14,0 14,5 14,8 16,3 18,4 20,7 26,0 12,7 13,6 14,8 16,3 18,3 21,1 25,5
1 117 12,6 13,8 14,1 14,5 14,8 16,3 18,4 20,8 26,1 12,7 13,7 14,8 16,3 18,3 21,2 25,6
1 118 12,7 13,8 14,1 14,5 14,8 16,4 18,5 20,8 26,3 12,7 13,7 14,9 16,4 18,4 21,2 25,8
1 119 12,7 13,8 14,1 14,5 14,8 16,4 18,5 20,9 26,5 12,8 13,7 14,9 16,4 18,4 21,3 25,9
1 120 12,7 13,9 14,1 14,6 14,9 16,4 18,6 21,0 26,6 12,8 13,7 14,9 16,4 18,5 21,4 26,1
1 121 12,7 13,9 14,2 14,6 14,9 16,5 18,6 21,1 26,8 12,8 13,8 15,0 16,5 18,5 21,5 26,2
1 122 12,7 13,9 14,2 14,6 14,9 16,5 18,7 21,1 27,0 12,8 13,8 15,0 16,5 18,6 21,6 26,4
1 123 12,8 13,9 14,2 14,6 15,0 16,6 18,7 21,2 27,2 12,8 13,8 15,0 16,6 18,6 21,7 26,6
1 124 12,8 14,0 14,2 14,7 15,0 16,6 18,8 21,3 27,3 12,9 13,8 15,0 16,6 18,7 21,7 26,7
1 125 12,8 14,0 14,3 14,7 15,0 16,6 18,8 21,4 27,5 12,9 13,9 15,1 16,6 18,8 21,8 26,9
1 126 12,8 14,0 14,3 14,7 15,1 16,7 18,9 21,5 27,7 12,9 13,9 15,1 16,7 18,8 21,9 27,0
1 127 12,8 14,0 14,3 14,8 15,1 16,7 19,0 21,6 27,9 12,9 13,9 15,1 16,7 18,9 22,0 27,2
1 128 12,9 14,1 14,3 14,8 15,1 16,8 19,0 21,6 28,0 13,0 13,9 15,2 16,8 18,9 22,1 27,4
1 129 12,9 14,1 14,4 14,8 15,2 16,8 19,1 21,7 28,2 13,0 14,0 15,2 16,8 19,0 22,2 27,5
1 130 12,9 14,1 14,4 14,9 15,2 16,8 19,1 21,8 28,4 13,0 14,0 15,2 16,9 19,0 22,3 27,7
1 131 12,9 14,2 14,4 14,9 15,2 16,9 19,2 21,9 28,6 13,0 14,0 15,3 16,9 19,1 22,4 27,9
1 132 13,0 14,2 14,5 14,9 15,3 16,9 19,3 22,0 28,7 13,1 14,1 15,3 16,9 19,2 22,5 28,0
1 133 13,0 14,2 14,5 15,0 15,3 17,0 19,3 22,1 28,9 13,1 14,1 15,3 17,0 19,2 22,5 28,2
1 134 13,0 14,3 14,5 15,0 15,3 17,0 19,4 22,2 29,1 13,1 14,1 15,4 17,0 19,3 22,6 28,4
1 135 13,0 14,3 14,6 15,0 15,4 17,1 19,4 22,2 29,3 13,1 14,1 15,4 17,1 19,3 22,7 28,5
1 136 13,1 14,3 14,6 15,1 15,4 17,1 19,5 22,3 29,4 13,2 14,2 15,5 17,1 19,4 22,8 28,7
1 137 13,1 14,4 14,6 15,1 15,4 17,2 19,6 22,4 29,6 13,2 14,2 15,5 17,2 19,5 22,9 28,8
1 138 13,1 14,4 14,7 15,1 15,5 17,2 19,6 22,5 29,8 13,2 14,2 15,5 17,2 19,5 23,0 29,0
1 139 13,2 14,4 14,7 15,2 15,5 17,3 19,7 22,6 30,0 13,2 14,3 15,6 17,3 19,6 23,1 29,2
1 140 13,2 14,5 14,7 15,2 15,6 17,3 19,8 22,7 30,1 13,3 14,3 15,6 17,3 19,7 23,2 29,3
1 141 13,2 14,5 14,8 15,3 15,6 17,4 19,8 22,8 30,3 13,3 14,3 15,7 17,4 19,7 23,3 29,5
1 142 13,2 14,5 14,8 15,3 15,6 17,4 19,9 22,9 30,5 13,3 14,4 15,7 17,4 19,8 23,4 29,6
1 143 13,3 14,6 14,9 15,3 15,7 17,5 20,0 23,0 30,6 13,4 14,4 15,7 17,5 19,9 23,5 29,8
1 144 13,3 14,6 14,9 15,4 15,7 17,5 20,1 23,1 30,8 13,4 14,5 15,8 17,5 19,9 23,6 30,0
1 145 13,3 14,6 14,9 15,4 15,8 17,6 20,1 23,1 31,0 13,4 14,5 15,8 17,6 20,0 23,7 30,1
1 146 13,4 14,7 15,0 15,5 15,8 17,6 20,2 23,2 31,1 13,5 14,5 15,9 17,6 20,1 23,8 30,3
1 147 13,4 14,7 15,0 15,5 15,9 17,7 20,3 23,3 31,3 13,5 14,6 15,9 17,7 20,2 23,9 30,4
1 148 13,4 14,8 15,1 15,5 15,9 17,8 20,3 23,4 31,4 13,5 14,6 16,0 17,8 20,2 24,0 30,6
1 149 13,5 14,8 15,1 15,6 16,0 17,8 20,4 23,5 31,6 13,6 14,6 16,0 17,8 20,3 24,1 30,7
1 150 13,5 14,8 15,1 15,6 16,0 17,9 20,5 23,6 31,7 13,6 14,7 16,1 17,9 20,4 24,2 30,9
1 151 13,5 14,9 15,2 15,7 16,1 17,9 20,6 23,7 31,9 13,6 14,7 16,1 17,9 20,4 24,3 31,0
1 152 13,6 14,9 15,2 15,7 16,1 18,0 20,6 23,8 32,0 13,7 14,8 16,2 18,0 20,5 24,4 31,1
1 153 13,6 15,0 15,3 15,8 16,2 18,0 20,7 23,9 32,2 13,7 14,8 16,2 18,0 20,6 24,5 31,3
1 154 13,6 15,0 15,3 15,8 16,2 18,1 20,8 24,0 32,3 13,7 14,8 16,3 18,1 20,7 24,6 31,4
1 155 13,7 15,0 15,4 15,9 16,3 18,2 20,9 24,1 32,5 13,8 14,9 16,3 18,2 20,8 24,7 31,6
1 156 13,7 15,1 15,4 15,9 16,3 18,2 20,9 24,2 32,6 13,8 14,9 16,4 18,2 20,8 24,8 31,7
1 157 13,7 15,1 15,4 16,0 16,4 18,3 21,0 24,3 32,7 13,8 15,0 16,4 18,3 20,9 24,9 31,8
1 158 13,8 15,2 15,5 16,0 16,4 18,4 21,1 24,4 32,9 13,9 15,0 16,5 18,4 21,0 25,0 31,9
1 159 13,8 15,2 15,5 16,1 16,5 18,4 21,2 24,5 33,0 13,9 15,1 16,5 18,4 21,1 25,1 32,1
1 160 13,9 15,3 15,6 16,1 16,5 18,5 21,3 24,6 33,1 14,0 15,1 16,6 18,5 21,1 25,2 32,2
1 161 13,9 15,3 15,6 16,2 16,6 18,6 21,3 24,7 33,2 14,0 15,2 16,6 18,6 21,2 25,2 32,3
1 162 13,9 15,4 15,7 16,2 16,6 18,6 21,4 24,8 33,4 14,0 15,2 16,7 18,6 21,3 25,3 32,4
1 163 14,0 15,4 15,7 16,3 16,7 18,7 21,5 24,8 33,5 14,1 15,2 16,7 18,7 21,4 25,4 32,6
1 164 14,0 15,5 15,8 16,3 16,7 18,7 21,6 24,9 33,6 14,1 15,3 16,8 18,7 21,5 25,5 32,7
1 165 14,0 15,5 15,8 16,4 16,8 18,8 21,7 25,0 33,7 14,1 15,3 16,8 18,8 21,5 25,6 32,8
1 166 14,1 15,5 15,9 16,4 16,8 18,9 21,7 25,1 33,8 14,2 15,4 16,9 18,9 21,6 25,7 32,9
1 167 14,1 15,6 15,9 16,5 16,9 18,9 21,8 25,2 33,9 14,2 15,4 17,0 18,9 21,7 25,8 33,0
1 168 14,2 15,6 16,0 16,5 16,9 19,0 21,9 25,3 34,0 14,3 15,5 17,0 19,0 21,8 25,9 33,1
1 169 14,2 15,7 16,0 16,6 17,0 19,1 22,0 25,4 34,1 14,3 15,5 17,1 19,1 21,8 26,0 33,2
1 170 14,2 15,7 16,1 16,6 17,0 19,1 22,0 25,5 34,2 14,3 15,6 17,1 19,1 21,9 26,1 33,3
1 171 14,3 15,8 16,1 16,7 17,1 19,2 22,1 25,6 34,3 14,4 15,6 17,2 19,2 22,0 26,2 33,4
1 172 14,3 15,8 16,2 16,7 17,2 19,3 22,2 25,7 34,4 14,4 15,7 17,2 19,3 22,1 26,3 33,5
1 173 14,4 15,9 16,2 16,8 17,2 19,3 22,3 25,8 34,5 14,5 15,7 17,3 19,3 22,2 26,4 33,5
1 174 14,4 15,9 16,3 16,8 17,3 19,4 22,4 25,8 34,5 14,5 15,7 17,3 19,4 22,2 26,5 33,6
1 175 14,4 16,0 16,3 16,9 17,3 19,5 22,4 25,9 34,6 14,5 15,8 17,4 19,5 22,3 26,5 33,7
1 176 14,5 16,0 16,4 16,9 17,4 19,5 22,5 26,0 34,7 14,6 15,8 17,4 19,5 22,4 26,6 33,8
1 177 14,5 16,1 16,4 17,0 17,4 19,6 22,6 26,1 34,8 14,6 15,9 17,5 19,6 22,5 26,7 33,9
1 178 14,5 16,1 16,5 17,0 17,5 19,6 22,7 26,2 34,8 14,6 15,9 17,5 19,6 22,5 26,8 33,9
1 179 14,6 16,1 16,5 17,1 17,5 19,7 22,7 26,3 34,9 14,7 16,0 17,6 19,7 22,6 26,9 34,0
1 180 14,6 16,2 16,5 17,1 17,6 19,8 22,8 26,4 35,0 14,7 16,0 17,6 19,8 22,7 27,0 34,1
1 181 14,6 16,2 16,6 17,2 17,6 19,8 22,9 26,4 35,0 14,7 16,1 17,7 19,8 22,8 27,1 34,1
1 182 14,7 16,3 16,6 17,2 17,7 19,9 23,0 26,5 35,1 14,8 16,1 17,8 19,9 22,8 27,1 34,2
1 183 14,7 16,3 16,7 17,3 17,7 20,0 23,0 26,6 35,2 14,8 16,1 17,8 20,0 22,9 27,2 34,3
1 184 14,7 16,4 16,7 17,3 17,8 20,0 23,1 26,7 35,2 14,8 16,2 17,9 20,0 23,0 27,3 34,3
1 185 14,8 16,4 16,8 17,4 17,8 20,1 23,2 26,7 35,3 14,9 16,2 17,9 20,1 23,0 27,4 34,4
1 186 14,8 16,4 16,8 17,4 17,9 20,1 23,2 26,8 35,3 14,9 16,3 18,0 20,1 23,1 27,4 34,5
1 187 14,8 16,5 16,9 17,5 17,9 20,2 23,3 26,9 35,4 15,0 16,3 18,0 20,2 23,2 27,5 34,5
1 188 14,9 16,5 16,9 17,5 18,0 20,3 23,4 27,0 35,4 15,0 16,3 18,1 20,3 23,3 27,6 34,6
1 189 14,9 16,6 17,0 17,6 18,0 20,3 23,5 27,0 35,5 15,0 16,4 18,1 20,3 23,3 27,7 34,6
1 190 14,9 16,6 17,0 17,6 18,1 20,4 23,5 27,1 35,5 15,0 16,4 18,2 20,4 23,4 27,7 34,7
1 191 15,0 16,7 17,0 17,7 18,1 20,4 23,6 27,2 35,5 15,1 16,5 18,2 20,4 23,5 27,8 34,7
1 192 15,0 16,7 17,1 17,7 18,2 20,5 23,7 27,3 35,6 15,1 16,5 18,2 20,5 23,5 27,9 34,8
1 193 15,0 16,7 17,1 17,8 18,2 20,6 23,7 27,3 35,6 15,1 16,5 18,3 20,6 23,6 27,9 34,8
1 194 15,1 16,8 17,2 17,8 18,3 20,6 23,8 27,4 35,7 15,2 16,6 18,3 20,6 23,7 28,0 34,8
1 195 15,1 16,8 17,2 17,8 18,3 20,7 23,9 27,5 35,7 15,2 16,6 18,4 20,7 23,7 28,1 34,9
1 196 15,1 16,8 17,2 17,9 18,4 20,7 23,9 27,5 35,7 15,2 16,7 18,4 20,7 23,8 28,1 34,9
1 197 15,1 16,9 17,3 17,9 18,4 20,8 24,0 27,6 35,8 15,3 16,7 18,5 20,8 23,8 28,2 35,0
1 198 15,2 16,9 17,3 18,0 18,5 20,8 24,0 27,7 35,8 15,3 16,7 18,5 20,8 23,9 28,3 35,0
1 199 15,2 17,0 17,4 18,0 18,5 20,9 24,1 27,7 35,8 15,3 16,8 18,6 20,9 24,0 28,3 35,0
1 200 15,2 17,0 17,4 18,1 18,5 20,9 24,2 27,8 35,8 15,3 16,8 18,6 20,9 24,0 28,4 35,1
1 201 15,2 17,0 17,4 18,1 18,6 21,0 24,2 27,8 35,9 15,4 16,8 18,7 21,0 24,1 28,5 35,1
1 202 15,3 17,1 17,5 18,1 18,6 21,0 24,3 27,9 35,9 15,4 16,9 18,7 21,0 24,2 28,5 35,1
1 203 15,3 17,1 17,5 18,2 18,7 21,1 24,3 28,0 35,9 15,4 16,9 18,7 21,1 24,2 28,6 35,2
1 204 15,3 17,1 17,5 18,2 18,7 21,1 24,4 28,0 35,9 15,4 16,9 18,8 21,1 24,3 28,6 35,2
1 205 15,3 17,2 17,6 18,3 18,7 21,2 24,5 28,1 36,0 15,5 17,0 18,8 21,2 24,3 28,7 35,2
1 206 15,4 17,2 17,6 18,3 18,8 21,2 24,5 28,1 36,0 15,5 17,0 18,9 21,2 24,4 28,7 35,2
1 207 15,4 17,2 17,6 18,3 18,8 21,3 24,6 28,2 36,0 15,5 17,0 18,9 21,3 24,4 28,8 35,3
1 208 15,4 17,3 17,7 18,4 18,9 21,3 24,6 28,2 36,0 15,5 17,1 18,9 21,3 24,5 28,9 35,3
1 209 15,4 17,3 17,7 18,4 18,9 21,4 24,7 28,3 36,0 15,6 17,1 19,0 21,4 24,5 28,9 35,3
1 210 15,5 17,3 17,7 18,4 18,9 21,4 24,7 28,4 36,1 15,6 17,1 19,0 21,4 24,6 29,0 35,3
1 211 15,5 17,4 17,8 18,5 19,0 21,5 24,8 28,4 36,1 15,6 17,1 19,1 21,5 24,7 29,0 35,4
1 212 15,5 17,4 17,8 18,5 19,0 21,5 24,8 28,5 36,1 15,6 17,2 19,1 21,5 24,7 29,1 35,4
1 213 15,5 17,4 17,8 18,5 19,1 21,6 24,9 28,5 36,1 15,6 17,2 19,1 21,6 24,8 29,1 35,4
1 214 15,5 17,4 17,9 18,6 19,1 21,6 24,9 28,6 36,1 15,7 17,2 19,2 21,6 24,8 29,2 35,4
1 215 15,5 17,5 17,9 18,6 19,1 21,7 25,0 28,6 36,1 15,7 17,3 19,2 21,7 24,9 29,2 35,4
1 216 15,6 17,5 17,9 18,6 19,2 21,7 25,0 28,6 36,1 15,7 17,3 19,2 21,7 24,9 29,2 35,4
1 217 15,6 17,5 18,0 18,7 19,2 21,8 25,1 28,7 36,1 15,7 17,3 19,3 21,8 25,0 29,3 35,4
1 218 15,6 17,5 18,0 18,7 19,2 21,8 25,1 28,7 36,1 15,7 17,3 19,3 21,8 25,0 29,3 35,5
1 219 15,6 17,6 18,0 18,7 19,3 21,8 25,2 28,8 36,1 15,7 17,4 19,3 21,8 25,1 29,4 35,5
1 220 15,6 17,6 18,0 18,8 19,3 21,9 25,2 28,8 36,1 15,8 17,4 19,4 21,9 25,1 29,4 35,5
1 221 15,6 17,6 18,1 18,8 19,3 21,9 25,3 28,9 36,1 15,8 17,4 19,4 21,9 25,1 29,5 35,5
1 222 15,7 17,6 18,1 18,8 19,4 22,0 25,3 28,9 36,2 15,8 17,4 19,4 22,0 25,2 29,5 35,5
1 223 15,7 17,7 18,1 18,9 19,4 22,0 25,4 28,9 36,2 15,8 17,5 19,5 22,0 25,2 29,5 35,5
1 224 15,7 17,7 18,1 18,9 19,4 22,0 25,4 29,0 36,2 15,8 17,5 19,5 22,0 25,3 29,6 35,5
1 225 15,7 17,7 18,2 18,9 19,5 22,1 25,5 29,0 36,1 15,8 17,5 19,5 22,1 25,3 29,6 35,5
1 226 15,7 17,7 18,2 18,9 19,5 22,1 25,5 29,1 36,1 15,8 17,5 19,6 22,1 25,4 29,6 35,5
1 227 15,7 17,8 18,2 19,0 19,5 22,2 25,5 29,1 36,1 15,8 17,5 19,6 22,2 25,4 29,7 35,5
1 228 15,7 17,8 18,2 19,0 19,5 22,2 25,6 29,1 36,1 15,9 17,6 19,6 22,2 25,4 29,7 35,5