2 61 11,7 12,9 13,1 13,5 13,8 15,2 16,9 18,6 21,6 11,8 12,7 13,9 15,2 16,9 18,9 21,3
2 62 11,7 12,9 13,1 13,5 13,8 15,2 16,9 18,6 21,7 11,8 12,7 13,9 15,2 16,9 18,9 21,4
2 63 11,7 12,9 13,1 13,5 13,8 15,2 17,0 18,6 21,7 11,8 12,7 13,9 15,2 16,9 18,9 21,5
2 64 11,7 12,9 13,1 13,5 13,8 15,2 17,0 18,7 21,8 11,8 12,7 13,9 15,2 16,9 18,9 21,5
2 65 11,7 12,8 13,1 13,5 13,8 15,2 17,0 18,7 21,9 11,7 12,7 13,9 15,2 16,9 19,0 21,6
2 66 11,7 12,8 13,1 13,5 13,8 15,2 17,0 18,7 21,9 11,7 12,7 13,9 15,2 16,9 19,0 21,7
2 67 11,7 12,8 13,1 13,5 13,8 15,2 17,0 18,8 22,0 11,7 12,7 13,9 15,2 16,9 19,0 21,7
2 68 11,7 12,8 13,1 13,5 13,8 15,3 17,0 18,8 22,1 11,7 12,7 13,9 15,3 17,0 19,1 21,8
2 69 11,6 12,8 13,1 13,5 13,8 15,3 17,0 18,8 22,2 11,7 12,7 13,9 15,3 17,0 19,1 21,9
2 70 11,6 12,8 13,1 13,5 13,8 15,3 17,0 18,9 22,3 11,7 12,7 13,9 15,3 17,0 19,1 22,0
2 71 11,6 12,8 13,1 13,5 13,8 15,3 17,1 18,9 22,4 11,7 12,7 13,9 15,3 17,0 19,2 22,1
2 72 11,6 12,8 13,1 13,5 13,8 15,3 17,1 18,9 22,4 11,7 12,7 13,9 15,3 17,0 19,2 22,1
2 73 11,6 12,8 13,1 13,5 13,8 15,3 17,1 19,0 22,5 11,7 12,7 13,9 15,3 17,0 19,3 22,2
2 74 11,6 12,8 13,1 13,5 13,8 15,3 17,1 19,0 22,6 11,7 12,7 13,9 15,3 17,0 19,3 22,3
2 75 11,6 12,8 13,1 13,5 13,8 15,3 17,1 19,0 22,7 11,7 12,7 13,9 15,3 17,1 19,3 22,4
2 76 11,6 12,8 13,1 13,5 13,8 15,3 17,2 19,1 22,8 11,7 12,7 13,9 15,3 17,1 19,4 22,5
2 77 11,6 12,8 13,1 13,5 13,8 15,3 17,2 19,1 22,9 11,7 12,7 13,9 15,3 17,1 19,4 22,6
2 78 11,6 12,8 13,1 13,5 13,8 15,3 17,2 19,2 23,0 11,7 12,7 13,9 15,3 17,1 19,5 22,7
2 79 11,6 12,8 13,1 13,5 13,8 15,3 17,2 19,2 23,1 11,7 12,7 13,9 15,3 17,2 19,5 22,8
2 80 11,7 12,8 13,1 13,5 13,8 15,3 17,3 19,3 23,2 11,7 12,7 13,9 15,3 17,2 19,6 22,9
2 81 11,7 12,8 13,1 13,5 13,9 15,4 17,3 19,3 23,3 11,7 12,7 13,9 15,4 17,2 19,6 23,0
2 82 11,7 12,9 13,1 13,5 13,9 15,4 17,3 19,3 23,4 11,7 12,7 13,9 15,4 17,2 19,7 23,1
2 83 11,7 12,9 13,1 13,6 13,9 15,4 17,3 19,4 23,6 11,7 12,7 13,9 15,4 17,3 19,7 23,2
2 84 11,7 12,9 13,1 13,6 13,9 15,4 17,4 19,4 23,7 11,8 12,7 13,9 15,4 17,3 19,8 23,3
2 85 11,7 12,9 13,1 13,6 13,9 15,4 17,4 19,5 23,8 11,8 12,7 13,9 15,4 17,3 19,8 23,4
2 86 11,7 12,9 13,1 13,6 13,9 15,4 17,4 19,6 23,9 11,8 12,8 14,0 15,4 17,4 19,9 23,5
2 87 11,7 12,9 13,2 13,6 13,9 15,5 17,5 19,6 24,0 11,8 12,8 14,0 15,5 17,4 20,0 23,6
2 88 11,7 12,9 13,2 13,6 13,9 15,5 17,5 19,7 24,2 11,8 12,8 14,0 15,5 17,4 20,0 23,7
2 89 11,7 12,9 13,2 13,6 13,9 15,5 17,5 19,7 24,3 11,8 12,8 14,0 15,5 17,5 20,1 23,9
2 90 11,7 12,9 13,2 13,6 14,0 15,5 17,6 19,8 24,4 11,8 12,8 14,0 15,5 17,5 20,1 24,0
2 91 11,7 12,9 13,2 13,7 14,0 15,5 17,6 19,8 24,6 11,8 12,8 14,0 15,5 17,5 20,2 24,1
2 92 11,7 13,0 13,2 13,7 14,0 15,6 17,6 19,9 24,7 11,8 12,8 14,0 15,6 17,6 20,3 24,2
2 93 11,8 13,0 13,2 13,7 14,0 15,6 17,7 20,0 24,8 11,8 12,8 14,1 15,6 17,6 20,3 24,4
2 94 11,8 13,0 13,3 13,7 14,0 15,6 17,7 20,0 25,0 11,9 12,9 14,1 15,6 17,6 20,4 24,5
2 95 11,8 13,0 13,3 13,7 14,0 15,7 17,8 20,1 25,1 11,9 12,9 14,1 15,7 17,7 20,5 24,6
2 96 11,8 13,0 13,3 13,7 14,1 15,7 17,8 20,2 25,3 11,9 12,9 14,1 15,7 17,7 20,6 24,8
2 97 11,8 13,0 13,3 13,8 14,1 15,7 17,9 20,2 25,4 11,9 12,9 14,1 15,7 17,8 20,6 24,9
2 98 11,8 13,1 13,3 13,8 14,1 15,7 17,9 20,3 25,6 11,9 12,9 14,2 15,7 17,8 20,7 25,1
2 99 11,8 13,1 13,4 13,8 14,1 15,8 18,0 20,4 25,7 11,9 12,9 14,2 15,8 17,9 20,8 25,2