1 61 12,0 13,1 13,4 13,8 14,0 15,3 16,7 18,1 20,4 12,1 13,0 14,1 15,3 16,6 18,3 20,2
1 62 12,0 13,1 13,4 13,8 14,0 15,3 16,7 18,1 20,4 12,1 13,0 14,1 15,3 16,6 18,3 20,2
1 63 12,0 13,1 13,4 13,8 14,0 15,3 16,7 18,1 20,4 12,1 13,0 14,1 15,3 16,7 18,3 20,2
1 64 12,0 13,1 13,4 13,8 14,0 15,3 16,7 18,1 20,5 12,1 13,0 14,1 15,3 16,7 18,3 20,3
1 65 12,0 13,1 13,4 13,8 14,0 15,3 16,7 18,1 20,5 12,1 13,0 14,1 15,3 16,7 18,3 20,3
1 66 12,0 13,1 13,4 13,8 14,0 15,3 16,7 18,1 20,6 12,1 13,0 14,1 15,3 16,7 18,4 20,4
1 67 12,0 13,1 13,4 13,8 14,0 15,3 16,7 18,2 20,6 12,1 13,0 14,1 15,3 16,7 18,4 20,4
1 68 12,0 13,1 13,4 13,8 14,0 15,3 16,8 18,2 20,7 12,1 13,0 14,1 15,3 16,7 18,4 20,5
1 69 12,0 13,1 13,4 13,8 14,0 15,3 16,8 18,2 20,7 12,1 13,0 14,1 15,3 16,7 18,4 20,5
1 70 12,1 13,1 13,4 13,8 14,0 15,3 16,8 18,2 20,8 12,1 13,0 14,1 15,3 16,7 18,5 20,6
1 71 12,1 13,2 13,4 13,8 14,0 15,3 16,8 18,3 20,8 12,1 13,0 14,1 15,3 16,7 18,5 20,6
1 72 12,1 13,2 13,4 13,8 14,0 15,3 16,8 18,3 20,9 12,1 13,0 14,1 15,3 16,8 18,5 20,7
1 73 12,1 13,2 13,4 13,8 14,0 15,3 16,8 18,3 21,0 12,1 13,0 14,1 15,3 16,8 18,6 20,8
1 74 12,1 13,2 13,4 13,8 14,1 15,3 16,9 18,4 21,0 12,2 13,1 14,1 15,3 16,8 18,6 20,8
1 75 12,1 13,2 13,4 13,8 14,1 15,3 16,9 18,4 21,1 12,2 13,1 14,1 15,3 16,8 18,6 20,9
1 76 12,1 13,2 13,4 13,8 14,1 15,4 16,9 18,4 21,2 12,2 13,1 14,1 15,4 16,8 18,7 21,0
1 77 12,1 13,2 13,4 13,8 14,1 15,4 16,9 18,5 21,3 12,2 13,1 14,1 15,4 16,9 18,7 21,0
1 78 12,1 13,2 13,4 13,8 14,1 15,4 16,9 18,5 21,3 12,2 13,1 14,1 15,4 16,9 18,7 21,1
1 79 12,1 13,2 13,4 13,8 14,1 15,4 17,0 18,5 21,4 12,2 13,1 14,1 15,4 16,9 18,8 21,2
1 80 12,1 13,2 13,5 13,8 14,1 15,4 17,0 18,6 21,5 12,2 13,1 14,2 15,4 16,9 18,8 21,3
1 81 12,1 13,2 13,5 13,9 14,1 15,4 17,0 18,6 21,6 12,2 13,1 14,2 15,4 17,0 18,9 21,3
1 82 12,2 13,2 13,5 13,9 14,1 15,4 17,1 18,7 21,7 12,2 13,1 14,2 15,4 17,0 18,9 21,4
1 83 12,2 13,3 13,5 13,9 14,2 15,5 17,1 18,7 21,8 12,2 13,1 14,2 15,5 17,0 19,0 21,5
1 84 12,2 13,3 13,5 13,9 14,2 15,5 17,1 18,8 21,9 12,3 13,1 14,2 15,5 17,0 19,0 21,6
1 85 12,2 13,3 13,5 13,9 14,2 15,5 17,1 18,8 21,9 12,3 13,2 14,2 15,5 17,1 19,1 21,7
1 86 12,2 13,3 13,5 13,9 14,2 15,5 17,2 18,8 22,0 12,3 13,2 14,2 15,5 17,1 19,1 21,8
1 87 12,2 13,3 13,5 13,9 14,2 15,5 17,2 18,9 22,1 12,3 13,2 14,3 15,5 17,1 19,2 21,9
1 88 12,2 13,3 13,6 13,9 14,2 15,6 17,2 18,9 22,2 12,3 13,2 14,3 15,6 17,2 19,2 22,0
1 89 12,2 13,3 13,6 14,0 14,2 15,6 17,3 19,0 22,3 12,3 13,2 14,3 15,6 17,2 19,3 22,0
1 90 12,2 13,3 13,6 14,0 14,3 15,6 17,3 19,0 22,5 12,3 13,2 14,3 15,6 17,2 19,3 22,1
1 91 12,3 13,4 13,6 14,0 14,3 15,6 17,3 19,1 22,6 12,3 13,2 14,3 15,6 17,3 19,4 22,2
1 92 12,3 13,4 13,6 14,0 14,3 15,6 17,4 19,2 22,7 12,3 13,2 14,3 15,6 17,3 19,4 22,4
1 93 12,3 13,4 13,6 14,0 14,3 15,7 17,4 19,2 22,8 12,4 13,3 14,3 15,7 17,3 19,5 22,5
1 94 12,3 13,4 13,6 14,0 14,3 15,7 17,4 19,3 22,9 12,4 13,3 14,4 15,7 17,4 19,6 22,6
1 95 12,3 13,4 13,7 14,0 14,3 15,7 17,5 19,3 23,0 12,4 13,3 14,4 15,7 17,4 19,6 22,7
1 96 12,3 13,4 13,7 14,1 14,4 15,7 17,5 19,4 23,1 12,4 13,3 14,4 15,7 17,4 19,7 22,8
1 97 12,3 13,4 13,7 14,1 14,4 15,8 17,5 19,4 23,2 12,4 13,3 14,4 15,8 17,5 19,7 22,9
1 98 12,3 13,5 13,7 14,1 14,4 15,8 17,6 19,5 23,4 12,4 13,3 14,4 15,8 17,5 19,8 23,0
1 99 12,4 13,5 13,7 14,1 14,4 15,8 17,6 19,5 23,5 12,4 13,3 14,4 15,8 17,5 19,9 23,1